 [28,]  4536  4599  4662  4725  4788  4851  4914  4977  5040  5183  5256  5329  5402  5475  5548  5621  5694  5767  5840  5893  5976  6059  6142  6225  6308  6391  6474  6557  6640  6603
 [29,]  5166  5229  5292  5355  5418  5481  5544  5607  5670  5913  5986  6059  6132  6205  6278  6351  6424  6497  6570  6723  6806  6889  6972  7055  7138  7221  7304  7387  7470  7533
 [30,]  5796  5859  5922  5985  6048  6111  6174  6237  6300  6643  6716  6789  6862  6935  7008  7081  7154  7227  7300  7553  7636  7719  7802  7885  7968  8051  8134  8217  8300  8463
 [31,]   128   192   256   320   384   448   512   576   640    74   148   222   296   370   444   518   592   666   740    84   168   252   336   420   504   588   672   756   840    94
 [32,]   768   832   896   960  1024  1088  1152  1216  1280   814   888   962  1036  1110  1184  1258  1332  1406  1480   924  1008  1092  1176  1260  1344  1428  1512  1596  1680  1034
 [33,]  1408  1472  1536  1600  1664  1728  1792  1856  1920  1554  1628  1702  1776  1850  1924  1998  2072  2146  2220  1764  1848  1932  2016  2100  2184  2268  2352  2436  2520  1974
 [34,]  2048  2112  2176  2240  2304  2368  2432  2496  2560  2294  2368  2442  2516  2590  2664  2738  2812  2886  2960  2604  2688  2772  2856  2940  3024  3108  3192  3276  3360  2914
 [35,]  2688  2752  2816  2880  2944  3008  3072  3136  3200  3034  3108  3182  3256  3330  3404  3478  3552  3626  3700  3444  3528  3612  3696  3780  3864  3948  4032  4116  4200  3854
 [36,]  3328  3392  3456  3520  3584  3648  3712  3776  3840  3774  3848  3922  3996  4070  4144  4218  4292  4366  4440  4284  4368  4452  4536  4620  4704  4788  4872  4956  5040  4794
 [37,]  3968  4032  4096  4160  4224  4288  4352  4416  4480  4514  4588  4662  4736  4810  4884  4958  5032  5106  5180  5124  5208  5292  5376  5460  5544  5628  5712  5796  5880  5734
 [38,]  4608  4672  4736  4800  4864  4928  4992  5056  5120  5254  5328  5402  5476  5550  5624  5698  5772  5846  5920  5964  6048  6132  6216  6300  6384  6468  6552  6636  6720  6674
 [39,]  5248  5312  5376  5440  5504  5568  5632  5696  5760  5994  6068  6142  6216  6290  6364  6438  6512  6586  6660  6804  6888  6972  7056  7140  7224  7308  7392  7476  7560  7614
 [40,]  5888  5952  6016  6080  6144  6208  6272  6336  6400  6734  6808  6882  6956  7030  7104  7178  7252  7326  7400  7644  7728  7812  7896  7980  8064  8148  8232  8316  8400  8554
 [41,]   130   195   260   325   390   455   520   585   650    75   150   225   300   375   450   525   600   675   750    85   170   255   340   425   510   595   680   765   850    95
 [42,]   780   845   910   975  1040  1105  1170  1235  1300   825   900   975  1050  1125  1200  1275  1350  1425  1500   935  1020  1105  1190  1275  1360  1445  1530  1615  1700  1045
 [43,]  1430  1495  1560  1625  1690  1755  1820  1885  1950  1575  1650  1725  1800  1875  1950  2025  2100  2175  2250  1785  1870  1955  2040  2125  2210  2295  2380  2465  2550  1995
 [44,]  2080  2145  2210  2275  2340  2405  2470  2535  2600  2325  2400  2475  2550  2625  2700  2775  2850  2925  3000  2635  2720  2805  2890  2975  3060  3145  3230  3315  3400  2945
 [45,]  2730  2795  2860  2925  2990  3055  3120  3185  3250  3075  3150  3225  3300  3375  3450  3525  3600  3675  3750  3485  3570  3655  3740  3825  3910  3995  4080  4165  4250  3895
 [46,]  3380  3445  3510  3575  3640  3705  3770  3835  3900  3825  3900  3975  4050  4125  4200  4275  4350  4425  4500  4335  4420  4505  4590  4675  4760  4845  4930  5015  5100  4845
 [47,]  4030  4095  4160  4225  4290  4355  4420  4485  4550  4575  4650  4725  4800  4875  4950  5025  5100  5175  5250  5185  5270  5355  5440  5525  5610  5695  5780  5865  5950  5795
 [48,]  4680  4745  4810  4875  4940  5005  5070  5135  5200  5325  5400  5475  5550  5625  5700  5775  5850  5925  6000  6035  6120  6205  6290  6375  6460  6545  6630  6715  6800  6745
 [49,]  5330  5395  5460  5525  5590  5655  5720  5785  5850  6075  6150  6225  6300  6375  6450  6525  6600  6675  6750  6885  6970  7055  7140  7225  7310  7395  7480  7565  7650  7695
 [50,]  5980  6045  6110  6175  6240  6305  6370  6435  6500  6825  6900  6975  7050  7125  7200  7275  7350  7425  7500  7735  7820  7905  7990  8075  8160  8245  8330  8415  8500  8645
 [51,]   132   198   264   330   396   462   528   594   660    76   152   228   304   380   456   532   608   684   760    86   172   258   344   430   516   602   688   774   860    96
 [52,]   792   858   924   990  1056  1122  1188  1254  1320   836   912   988  1064  1140  1216  1292  1368  1444  1520   946  1032  1118  1204  1290  1376  1462  1548  1634  1720  1056
 [53,]  1452  1518  1584  1650  1716  1782  1848  1914  1980  1596  1672  1748  1824  1900  1976  2052  2128  2204  2280  1806  1892  1978  2064  2150  2236  2322  2408  2494  2580  2016
 [54,]  2112  2178  2244  2310  2376  2442  2508  2574  2640  2356  2432  2508  2584  2660  2736  2812  2888  2964  3040  2666  2752  2838  2924  3010  3096  3182  3268  3354  3440  2976
 [55,]  2772  2838  2904  2970  3036  3102  3168  3234  3300  3116  3192  3268  3344  3420  3496  3572  3648  3724  3800  3526  3612  3698  3784  3870  3956  4042  4128  4214  4300  3936
 [56,]  3432  3498  3564  3630  3696  3762  3828  3894  3960  3876  3952  4028  4104  4180  4256  4332  4408  4484  4560  4386  4472  4558  4644  4730  4816  4902  4988  5074  5160  4896
 [57,]  4092  4158  4224  4290  4356  4422  4488  4554  4620  4636  4712  4788  4864  4940  5016  5092  5168  5244  5320  5246  5332  5418  5504  5590  5676  5762  5848  5934  6020  5856
 [58,]  4752  4818  4884  4950  5016  5082  5148  5214  5280  5396  5472  5548  5624  5700  5776  5852  5928  6004  6080  6106  6192  6278  6364  6450  6536  6622  6708  6794  6880  6816
 [59,]  5412  5478  5544  5610  5676  5742  5808  5874  5940  6156  6232  6308  6384  6460  6536  6612  6688  6764  6840  6966  7052  7138  7224  7310  7396  7482  7568  7654  7740  7776
 [60,]  6072  6138  6204  6270  6336  6402  6468  6534  6600  6916  6992  7068  7144  7220  7296  7372  7448  7524  7600  7826  7912  7998  8084  8170  8256  8342  8428  8514  8600  8736
 [61,]   134   201   268   335   402   469   536   603   670    77   154   231   308   385   462   539   616   693   770    87   174   261   348   435   522   609   696   783   870    97
 [62,]   804   871   938  1005  1072  1139  1206  1273  1340   847   924  1001  1078  1155  1232  1309  1386  1463  1540   957  1044  1131  1218  1305  1392  1479  1566  1653  1740  1067
 [63,]  1474  1541  1608  1675  1742  1809  1876  1943  2010  1617  1694  1771  1848  1925  2002  2079  2156  2233  2310  1827  1914  2001  2088  2175  2262  2349  2436  2523  2610  2037
 [64,]  2144  2211  2278  2345  2412  2479  2546  2613  2680  2387  2464  2541  2618  2695  2772  2849  2926  3003  3080  2697  2784  2871  2958  3045  3132  3219  3306  3393  3480  3007
 [65,]  2814  2881  2948  3015  3082  3149  3216  3283  3350  3157  3234  3311  3388  3465  3542  3619  3696  3773  3850  3567  3654  3741  3828  3915  4002  4089  4176  4263  4350  3977
 [66,]  3484  3551  3618  3685  3752  3819  3886  3953  4020  3927  4004  4081  4158  4235  4312  4389  4466  4543  4620  4437  4524  4611  4698  4785  4872  4959  5046  5133  5220  4947
 [67,]  4154  4221  4288  4355  4422  4489  4556  4623  4690  4697  4774  4851  4928  5005  5082  5159  5236  5313  5390  5307  5394  5481  5568  5655  5742  5829  5916  6003  6090  5917
 [68,]  4824  4891  4958  5025  5092  5159  5226  5293  5360  5467  5544  5621  5698  5775  5852  5929  6006  6083  6160  6177  6264  6351  6438  6525  6612  6699  6786  6873  6960  6887
 [69,]  5494  5561  5628  5695  5762  5829  5896  5963  6030  6237  6314  6391  6468  6545  6622  6699  6776  6853  6930  7047  7134  7221  7308  7395  7482  7569  7656  7743  7830  7857
 [70,]  6164  6231  6298  6365  6432  6499  6566  6633  6700  7007  7084  7161  7238  7315  7392  7469  7546  7623  7700  7917  8004  8091  8178  8265  8352  8439  8526  8613  8700  8827
 [71,]   136   204   272   340   408   476   544   612   680    78   156   234   312   390   468   546   624   702   780    88   176   264   352   440   528   616   704   792   880    98
 [72,]   816   884   952  1020  1088  1156  1224  1292  1360   858   936  1014  1092  1170  1248  1326  1404  1482  1560   968  1056  1144  1232  1320  1408  1496  1584  1672  1760  1078
 [73,]  1496  1564  1632  1700  1768  1836  1904  1972  2040  1638  1716  1794  1872  1950  2028  2106  2184  2262  2340  1848  1936  2024  2112  2200  2288  2376  2464  2552  2640  2058
 [74,]  2176  2244  2312  2380  2448  2516  2584  2652  2720  2418  2496  2574  2652  2730  2808  2886  2964  3042  3120  2728  2816  2904  2992  3080  3168  3256  3344  3432  3520  3038
 [75,]  2856  2924  2992  3060  3128  3196  3264  3332  3400  3198  3276  3354  3432  3510  3588  3666  3744  3822  3900  3608  3696  3784  3872  3960  4048  4136  4224  4312  4400  4018
 [76,]  3536  3604  3672  3740  3808  3876  3944  4012  4080  3978  4056  4134  4212  4290  4368  4446  4524  4602  4680  4488  4576  4664  4752  4840  4928  5016  5104  5192  5280  4998
 [77,]  4216  4284  4352  4420  4488  4556  4624  4692  4760  4758  4836  4914  4992  5070  5148  5226  5304  5382  5460  5368  5456  5544  5632  5720  5808  5896  5984  6072  6160  5978
 [78,]  4896  4964  5032  5100  5168  5236  5304  5372  5440  5538  5616  5694  5772  5850  5928  6006  6084  6162  6240  6248  6336  6424  6512  6600  6688  6776  6864  6952  7040  6958
 [79,]  5576  5644  5712  5780  5848  5916  5984  6052  6120  6318  6396  6474  6552  6630  6708  6786  6864  6942  7020  7128  7216  7304  7392  7480  7568  7656  7744  7832  7920  7938
 [80,]  6256  6324  6392  6460  6528  6596  6664  6732  6800  7098  7176  7254  7332  7410  7488  7566  7644  7722  7800  8008  8096  8184  8272  8360  8448  8536  8624  8712  8800  8918
 [81,]   138   207   276   345   414   483   552   621   690    79   158   237   316   395   474   553   632   711   790    89   178   267   356   445   534   623   712   801   890    99
 [82,]   828   897   966  1035  1104  1173  1242  1311  1380   869   948  1027  1106  1185  1264  1343  1422  1501  1580   979  1068  1157  1246  1335  1424  1513  1602  1691  1780  1089
 [83,]  1518  1587  1656  1725  1794  1863  1932  2001  2070  1659  1738  1817  1896  1975  2054  2133  2212  2291  2370  1869  1958  2047  2136  2225  2314  2403  2492  2581  2670  2079
 [84,]  2208  2277  2346  2415  2484  2553  2622  2691  2760  2449  2528  2607  2686  2765  2844  2923  3002  3081  3160  2759  2848  2937  3026  3115  3204  3293  3382  3471  3560  3069
 [85,]  2898  2967  3036  3105  3174  3243  3312  3381  3450  3239  3318  3397  3476  3555  3634  3713  3792  3871  3950  3649  3738  3827  3916  4005  4094  4183  4272  4361  4450  4059
 [86,]  3588  3657  3726  3795  3864  3933  4002  4071  4140  4029  4108  4187  4266  4345  4424  4503  4582  4661  4740  4539  4628  4717  4806  4895  4984  5073  5162  5251  5340  5049
 [87,]  4278  4347  4416  4485  4554  4623  4692  4761  4830  4819  4898  4977  5056  5135  5214  5293  5372  5451  5530  5429  5518  5607  5696  5785  5874  5963  6052  6141  6230  6039
 [88,]  4968  5037  5106  5175  5244  5313  5382  5451  5520  5609  5688  5767  5846  5925  6004  6083  6162  6241  6320  6319  6408  6497  6586  6675  6764  6853  6942  7031  7120  7029
 [89,]  5658  5727  5796  5865  5934  6003  6072  6141  6210  6399  6478  6557  6636  6715  6794  6873  6952  7031  7110  7209  7298  7387  7476  7565  7654  7743  7832  7921  8010  8019
 [90,]  6348  6417  6486  6555  6624  6693  6762  6831  6900  7189  7268  7347  7426  7505  7584  7663  7742  7821  7900  8099  8188  8277  8366  8455  8544  8633  8722  8811  8900  9009
 [91,]   140   210   280   350   420   490   560   630   700    80   160   240   320   400   480   560   640   720   800    90   180   270   360   450   540   630   720   810   900   100
 [92,]   840   910   980  1050  1120  1190  1260  1330  1400   880   960  1040  1120  1200  1280  1360  1440  1520  1600   990  1080  1170  1260  1350  1440  1530  1620  1710  1800  1100
 [93,]  1540  1610  1680  1750  1820  1890  1960  2030  2100  1680  1760  1840  1920  2000  2080  2160  2240  2320  2400  1890  1980  2070  2160  2250  2340  2430  2520  2610  2700  2100
 [94,]  2240  2310  2380  2450  2520  2590  2660  2730  2800  2480  2560  2640  2720  2800  2880  2960  3040  3120  3200  2790  2880  2970  3060  3150  3240  3330  3420  3510  3600  3100
 [95,]  2940  3010  3080  3150  3220  3290  3360  3430  3500  3280  3360  3440  3520  3600  3680  3760  3840  3920  4000  3690  3780  3870  3960  4050  4140  4230  4320  4410  4500  4100
 [96,]  3640  3710  3780  3850  3920  3990  4060  4130  4200  4080  4160  4240  4320  4400  4480  4560  4640  4720  4800  4590  4680  4770  4860  4950  5040  5130  5220  5310  5400  5100
 [97,]  4340  4410  4480  4550  4620  4690  4760  4830  4900  4880  4960  5040  5120  5200  5280  5360  5440  5520  5600  5490  5580  5670  5760  5850  5940  6030  6120  6210  6300  6100
 [98,]  5040  5110  5180  5250  5320  5390  5460  5530  5600  5680  5760  5840  5920  6000  6080  6160  6240  6320  6400  6390  6480  6570  6660  6750  6840  6930  7020  7110  7200  7100
 [99,]  5740  5810  5880  5950  6020  6090  6160  6230  6300  6480  6560  6640  6720  6800  6880  6960  7040  7120  7200  7290  7380  7470  7560  7650  7740  7830  7920  8010  8100  8100
[100,]  6440  6510  6580  6650  6720  6790  6860  6930  7000  7280  7360  7440  7520  7600  7680  7760  7840  7920  8000  8190  8280  8370  8460  8550  8640  8730  8820  8910  9000  9100
       [,92] [,93] [,94] [,95] [,96] [,97] [,98] [,99] [,100]
  [1,]   182   273   364   455   546   637   728   819    910
  [2,]  1092  1183  1274  1365  1456  1547  1638  1729   1820
  [3,]  2002  2093  2184  2275  2366  2457  2548  2639   2730
  [4,]  2912  3003  3094  3185  3276  3367  3458  3549   3640
  [5,]  3822  3913  4004  4095  4186  4277  4368  4459   4550
  [6,]  4732  4823  4914  5005  5096  5187  5278  5369   5460
  [7,]  5642  5733  5824  5915  6006  6097  6188  6279   6370
  [8,]  6552  6643  6734  6825  6916  7007  7098  7189   7280
  [9,]  7462  7553  7644  7735  7826  7917  8008  8099   8190
 [10,]  8372  8463  8554  8645  8736  8827  8918  9009   9100
 [11,]   184   276   368   460   552   644   736   828    920
 [12,]  1104  1196  1288  1380  1472  1564  1656  1748   1840
 [13,]  2024  2116  2208  2300  2392  2484  2576  2668   2760
 [14,]  2944  3036  3128  3220  3312  3404  3496  3588   3680
 [15,]  3864  3956  4048  4140  4232  4324  4416  4508   4600
 [16,]  4784  4876  4968  5060  5152  5244  5336  5428   5520
 [17,]  5704  5796  5888  5980  6072  6164  6256  6348   6440
 [18,]  6624  6716  6808  6900  6992  7084  7176  7268   7360
 [19,]  7544  7636  7728  7820  7912  8004  8096  8188   8280
 [20,]  8464  8556  8648  8740  8832  8924  9016  9108   9200
 [21,]   186   279   372   465   558   651   744   837    930
 [22,]  1116  1209  1302  1395  1488  1581  1674  1767   1860
 [23,]  2046  2139  2232  2325  2418  2511  2604  2697   2790
 [24,]  2976  3069  3162  3255  3348  3441  3534  3627   3720
 [25,]  3906  3999  4092  4185  4278  4371  4464  4557   4650
 [26,]  4836  4929  5022  5115  5208  5301  5394  5487   5580
 [27,]  5766  5859  5952  6045  6138  6231  6324  6417   6510
 [28,]  6696  6789  6882  6975  7068  7161  7254  7347   7440
 [29,]  7626  7719  7812  7905  7998  8091  8184  8277   8370
 [30,]  8556  8649  8742  8835  8928  9021  9114  9207   9300
 [31,]   188   282   376   470   564   658   752   846    940
 [32,]  1128  1222  1316  1410  1504  1598  1692  1786   1880
 [33,]  2068  2162  2256  2350  2444  2538  2632  2726   2820
 [34,]  3008  3102  3196  3290  3384  3478  3572  3666   3760
 [35,]  3948  4042  4136  4230  4324  4418  4512  4606   4700
 [36,]  4888  4982  5076  5170  5264  5358  5452  5546   5640
 [37,]  5828  5922  6016  6110  6204  6298  6392  6486   6580
 [38,]  6768  6862  6956  7050  7144  7238  7332  7426   7520
 [39,]  7708  7802  7896  7990  8084  8178  8272  8366   8460
 [40,]  8648  8742  8836  8930  9024  9118  9212  9306   9400
 [41,]   190   285   380   475   570   665   760   855    950
 [42,]  1140  1235  1330  1425  1520  1615  1710  1805   1900
 [43,]  2090  2185  2280  2375  2470  2565  2660  2755   2850
 [44,]  3040  3135  3230  3325  3420  3515  3610  3705   3800
 [45,]  3990  4085  4180  4275  4370  4465  4560  4655   4750
 [46,]  4940  5035  5130  5225  5320  5415  5510  5605   5700
 [47,]  5890  5985  6080  6175  6270  6365  6460  6555   6650
 [48,]  6840  6935  7030  7125  7220  7315  7410  7505   7600
 [49,]  7790  7885  7980  8075  8170  8265  8360  8455   8550
 [50,]  8740  8835  8930  9025  9120  9215  9310  9405   9500
 [51,]   192   288   384   480   576   672   768   864    960
 [52,]  1152  1248  1344  1440  1536  1632  1728  1824   1920
 [53,]  2112  2208  2304  2400  2496  2592  2688  2784   2880
 [54,]  3072  3168  3264  3360  3456  3552  3648  3744   3840
 [55,]  4032  4128  4224  4320  4416  4512  4608  4704   4800
 [56,]  4992  5088  5184  5280  5376  5472  5568  5664   5760
 [57,]  5952  6048  6144  6240  6336  6432  6528  6624   6720
 [58,]  6912  7008  7104  7200  7296  7392  7488  7584   7680
 [59,]  7872  7968  8064  8160  8256  8352  8448  8544   8640
 [60,]  8832  8928  9024  9120  9216  9312  9408  9504   9600
 [61,]   194   291   388   485   582   679   776   873    970
 [62,]  1164  1261  1358  1455  1552  1649  1746  1843   1940
 [63,]  2134  2231  2328  2425  2522  2619  2716  2813   2910
 [64,]  3104  3201  3298  3395  3492  3589  3686  3783   3880
 [65,]  4074  4171  4268  4365  4462  4559  4656  4753   4850
 [66,]  5044  5141  5238  5335  5432  5529  5626  5723   5820
 [67,]  6014  6111  6208  6305  6402  6499  6596  6693   6790
 [68,]  6984  7081  7178  7275  7372  7469  7566  7663   7760
 [69,]  7954  8051  8148  8245  8342  8439  8536  8633   8730
 [70,]  8924  9021  9118  9215  9312  9409  9506  9603   9700
 [71,]   196   294   392   490   588   686   784   882    980
 [72,]  1176  1274  1372  1470  1568  1666  1764  1862   1960
 [73,]  2156  2254  2352  2450  2548  2646  2744  2842   2940
 [74,]  3136  3234  3332  3430  3528  3626  3724  3822   3920
 [75,]  4116  4214  4312  4410  4508  4606  4704  4802   4900
 [76,]  5096  5194  5292  5390  5488  5586  5684  5782   5880
 [77,]  6076  6174  6272  6370  6468  6566  6664  6762   6860
 [78,]  7056  7154  7252  7350  7448  7546  7644  7742   7840
 [79,]  8036  8134  8232  8330  8428  8526  8624  8722   8820
 [80,]  9016  9114  9212  9310  9408  9506  9604  9702   9800
 [81,]   198   297   396   495   594   693   792   891    990
 [82,]  1188  1287  1386  1485  1584  1683  1782  1881   1980
 [83,]  2178  2277  2376  2475  2574  2673  2772  2871   2970
 [84,]  3168  3267  3366  3465  3564  3663  3762  3861   3960
 [85,]  4158  4257  4356  4455  4554  4653  4752  4851   4950
 [86,]  5148  5247  5346  5445  5544  5643  5742  5841   5940
 [87,]  6138  6237  6336  6435  6534  6633  6732  6831   6930
 [88,]  7128  7227  7326  7425  7524  7623  7722  7821   7920
 [89,]  8118  8217  8316  8415  8514  8613  8712  8811   8910
 [90,]  9108  9207  9306  9405  9504  9603  9702  9801   9900
 [91,]   200   300   400   500   600   700   800   900   1000
 [92,]  1200  1300  1400  1500  1600  1700  1800  1900   2000
 [93,]  2200  2300  2400  2500  2600  2700  2800  2900   3000
 [94,]  3200  3300  3400  3500  3600  3700  3800  3900   4000
 [95,]  4200  4300  4400  4500  4600  4700  4800  4900   5000
 [96,]  5200  5300  5400  5500  5600  5700  5800  5900   6000
 [97,]  6200  6300  6400  6500  6600  6700  6800  6900   7000
 [98,]  7200  7300  7400  7500  7600  7700  7800  7900   8000
 [99,]  8200  8300  8400  8500  8600  8700  8800  8900   9000
[100,]  9200  9300  9400  9500  9600  9700  9800  9900  10000
> x<- matrix (nrow=5, ncol=3, byrow=T, data=1:15)
> x
     [,1] [,2] [,3]
[1,]    1    2    3
[2,]    4    5    6
[3,]    7    8    9
[4,]   10   11   12
[5,]   13   14   15
> x[3,]#returns the elements of the third row of the matrix
[1] 7 8 9
> x(,2)
Error in x(, 2) : could not find function "x"
> x[,2]
[1]  2  5  8 11 14
> x[4:5, 2:3]
     [,1] [,2]
[1,]   11   12
[2,]   14   15
> x[3:5, 2:3]
     [,1] [,2]
[1,]    8    9
[2,]   11   12
[3,]   14   15
> x[3:5, 1:2]
     [,1] [,2]
[1,]    7    8
[2,]   10   11
[3,]   13   14
> x
     [,1] [,2] [,3]
[1,]    1    2    3
[2,]    4    5    6
[3,]    7    8    9
[4,]   10   11   12
[5,]   13   14   15
> solve(x)#find the inverse of a positive definite matrix
Error in solve.default(x) : 'a' (5 x 3) must be square
> y<- matrix(nrow=2, ncol=2, byrow=T ,data = c(1:4)
+ y
Error: unexpected symbol in:
"y<- matrix(nrow=2, ncol=2, byrow=T ,data = c(1:4)
y"
> y<- matrix(nrow=2, ncol=2, byrow=T ,data = c(84,100,100,120)
+ y
Error: unexpected symbol in:
"y<- matrix(nrow=2, ncol=2, byrow=T ,data = c(84,100,100,120)
y"
> 
> 
> 
> 
> DATA HANDELING
Error: unexpected symbol in "DATA HANDELING"
> 
> 
> 
> 
> pi
[1] 3.141593
> print (pi, digits=4)
[1] 3.142
> print (pi, digits=100)
Error in print.default(pi, digits = 100) : invalid printing digits 100
> print (pi, digits=20)
[1] 3.141592653589793116
> print (pi, digits=21)
[1] 3.141592653589793116
> print (pi, digits=22)
[1] 3.141592653589793115998
> print (pi, digits=23)
Error in print.default(pi, digits = 23) : invalid printing digits 23
> cat(pi, "\n")
3.141593 
> cat(format(pi, digits=4, "\n"))
Error in prettyNum(.Internal(format(x, trim, digits, nsmall, width, 3L,  : 
  invalid 'trim' argument
> 
> 
> 
> 
> #REPEATE, SORTING @ ORDERING
> 
> 
> 
> rep(3.5, times=4)#repeates the same element
[1] 3.5 3.5 3.5 3.5
> rep("Batman", times=10)
 [1] "Batman" "Batman" "Batman" "Batman" "Batman" "Batman" "Batman" "Batman" "Batman" "Batman"
> rep("Batman":"Joker", times=10)
Error in "Batman":"Joker" : NA/NaN argument
In addition: Warning messages:
1: NAs introduced by coercion 
2: NAs introduced by coercion 
> rep("Batman:Joker", times=10)
 [1] "Batman:Joker" "Batman:Joker" "Batman:Joker" "Batman:Joker" "Batman:Joker" "Batman:Joker" "Batman:Joker" "Batman:Joker" "Batman:Joker" "Batman:Joker"
> x<- 1:3
> 
> x
[1] 1 2 3
> rep(x, times = 3)
[1] 1 2 3 1 2 3 1 2 3
> rep(x, each = 3)
[1] 1 1 1 2 2 2 3 3 3
> 
> y<- c(8,5,7,6)
> y
[1] 8 5 7 6
> sort(y)
[1] 5 6 7 8
> sort(y, decreasing = T)
[1] 8 7 6 5
> sort(y, decreasing = F)
[1] 5 6 7 8
> 
> 
> 
> 
> #MISSING DATA AND LOGICAL OPERATORS
> 
> 
> '
+ 
+ 
+ DSDS
+ 
+ '
[1] "\n\n\nDSDS\n\n"
> 8>7
[1] TRUE
> 8<7
[1] FALSE
> isTRUE(8>6)
[1] TRUE
> isTRUE(8<6)
[1] FALSE
> x<-5
> (x<10)@@(x>2)
Error: unexpected '@' in "(x<10)@@"
> (x<10)&&(x>2)
[1] TRUE
> x<-5
> (x<10)||(x>5)
[1] TRUE
> x=10
> y=20
> (x==10)&(y==20)
[1] TRUE
> (x==10)&(y==2)
[1] FALSE
> (x==10)&&(y==20)
[1] TRUE
> 
> 
> 
> 
> #PRINT AND FORMAT WITH CONCATINATE
> 
> 
> 
> 
> print("The zero occurs at"); print(2*pi); print("radians")
[1] "The zero occurs at"
[1] 6.283185
[1] "radians"
> save.image("D:\\R\\1")
> 
> d<- date()
> cat(Today is: ,d, "\n")
Error: unexpected symbol in "cat(Today is"
> cat("Today is:" ,d, "\n")
Today is: Sat Nov 16 12:20:34 2024 
> cat("Today is:" ,d, "\n")
Today is: Sat Nov 16 12:20:34 2024 
> cat("Today is:" ,d, "\n")
Today is: Sat Nov 16 12:20:34 2024 
> cat("Today is:" ,d, "\n")
Today is: Sat Nov 16 12:20:34 2024 
> cat("Today is:" ,d, "\n")
Today is: Sat Nov 16 12:20:34 2024 
> cat("Today is:" ,d, "\n")
Today is: Sat Nov 16 12:20:34 2024 
> x<-7
> cat(The square of ", x, "is", x**2, "!\n")
Error: unexpected symbol in "cat(The square"
> cat("The square of ", x, "is", x**2, "!\n")
The square of  7 is 49 !
> 
#FUNCTIONS
abc <- functions(x){
x^2
}
abc<-function(x,y)(
x^2+y^2
}
abc(2,3)
abc<- function(x,y)(
x^2+y^3}
abc<- function(x,y)(x^2+y^3}
abc <- function(x,y)(x^2+y^3}
abc <- function(x,y)(x^2+y^3}x<-5
x<-5
x
x
x
x
x
x
x
abc <- function(x,y) {x^2,y^3}
abc <- function(x,y) {x^2+y^3}
abc()2,3
abc(2,3)
f<-function (x) (
if (x>0) {exp(x+log(1+x^3))/x^2}
else if(x==0) {10}
else {(2+x^3)/x}}
save.image("C:\\Users\\sahil\\Documents\\.RData")
q()
load("C:\\Users\\sahil\\Documents\\.RData")
gender <- c(1,2,1,2,1,1,1,2,1,1)
gender
table(gender)
table(gender)/ length(gender)
#PARTITION VALUES
space <- c(900,1132,2400,1315,1222,1412,1002,1817,)
mpce <- c(900,1132,2400,1315,1222,1412,1002,1817,2122,648,998,1750,1900,1465,1102,1245,1487,833,2000,990,1245,1450,1005,1350,500,3000)
quantile(mpce)
quantile(mpce, probe(0.0,20.0,4.0,6.0,0.1))
quantile(mpce, probe=c(0.0,20.0,4.0,6.0,0.1))
#GRAPHICS AND PLOTS
barplot(gender)
table(gender)
barplot(table(gender))
Hhd_s1_No <- c(1,2,3,4,1,2,3,1,1,2,3,4,1,2,3,4,1,2,1,2,1,2,3,4,5,1,2,3)
barplot(Hhd_s1_No)
barplot(table(Hhd_s1_No))
pie (table(gender))
pie(table(Hhd_s1_No))
hist(gender)
hist(table(gender))
hist(mpce)
hist(table(Hhd_s1_No))
mean(mpce)
prod(mpce)^(1/length(mpce))
rm<- c(10,10,1,2,3,4,20,20,1,2,3)
rm
table(rm)
barplot(table(rm))
mean(rm)
mode(rm)
var(mpce)
sqrt(var(mpce))
IQR(mpce)
IQR(mpce)/2
IQR(rm)
IQR(mpce)/2
IQR(rm)/2
summary(mpce)
summary(rm)
boxplot(rm)
boxplot(mpce)
skewness(mpce)
kurtosis(mpce)
water <- c(33710,31666,33495,32758,34067,36069,37497,33044,35216,35383,37066,38037,38495,39895,41311,42829,43038,43873,43923,45078,46935,47951,46085,48003,45050,42924,46061)
water
temp <- c(23,25,25,26,27,28,30,26,29,32,33,34,35,38,39,42,43,44,45,45.5,45,46,44,44,41,37,40)
temp
plot(water, temp)
plot(temp, water)
plot(temp, water, i)
plot(temp, water, 1)
plot(temp, water, "l")
plot(temp, water, "'l"')
plot
l
plot(temp, water, '''l''')
plot(temp, water, 'l')
plot(temp, water, 'b')
plot(temp, water, 'b')#dot plus line
plot(temp, water, 'o')#overplotted
plot(temp, water, 'h')#histogram
plot(temp, water, 's')#staired steps
scatter.smooth(tem, water, lpars = list(col = "red", lwd = 3, lty = 3))
scatter.smooth(temp, water, lpars = list(col = "red", lwd = 3, lty = 3))
scatter.smooth(temp, water, lpars = list(col = "green", lwd = 3, lty = 3))
scatter.smooth(temp, water, lpars = list(col = "green", lwd = 3, lty = 10))
scatter.smooth(temp, water, lpars = list(col = "yellow", lwd = 3, lty = 10))
pairs(cbin(temp, water))
pairs(cbind(temp, water))
weigth <- c(159,159,165,156,164,168,158,156,157,163)
weight
weigth
scatter.smooth(weigth)
smoothscatter(weigth)
smoothScatter(weigth)
height <- c(166,125,130,142,147,159,159,147,165,156,149,164,137,166,135,142,133,136,127,143,165,121,142,148,158,146,154,157,124,125,158,159,164,143,154,152,141,164,131,152,152,161,143,143,139,131,125,145,140,163)
height
marks = (c(337,316,327,340,374,330,352,353,370,380,384,39)
marks =
c(337,316,327,340,374,330,352,353,370,380,384,39
8,413,428,430,438,439,479,460,450)
marks = c(337,316,327,340,374,330,352,353,370,380,384,398,413,428,430,438,439,479,460,450)
marks
hours = c(23,25,26,27,30,26,29,32,33,34,35,38,39,42,43,44,45,46,44,41)
hours
install.packages("scatterplot3d")
library(scatterplot3d)
setwd("C:/RCourse/")
setwd("C:/Documents")
data3d <- read.csv("data-age-height-weight.csv")
scatterplot3d(data3d[,1:3])
scatterplot3d(hours[,1:3])
scatterplot3d(hours)
#COVARIANCE
cov( c(1,2,3,4), c(1,2,3,4) ) 
cov( c(1,2,3,4), c(-1,-2,-3,-4) )
[1] -1.666667
cov( c(1,2,3,4), c(-1,-2,-3,-4) )
cor( c(1,2,3,4), c(1,2,3,4) )
plot(marks, hours)
plot(hours, marks)
plot(marks)
scatter.smooth(marks, hours)
cor(marks, hours)
cor(hours, marks)
x = c(75, 25, 35, 95, 50)
y = c(70, 80, 60, 30, 40)
cor(judge1, judge2, use = "everything",
cor(judge1, judge2, use = "everything",
cor(x,y use = "everything",method = c("spearman"))
cor(x,y ,use = "everything",method = c("spearman"))
setwd("D:\R")
setwd("D:/R")
read.csv(book1.csv)
read.csv(Book1.csv)
read.csv("Book1.csv")
save.image("D:\\R\\2")
q()
